30865
62049
52488
21865
43364
43523
7204
31667
31960
34209
40958
3545
199
4132
1794
48632
49130
8470
44274
56800
18436
50356
19542
35954
23228
15231
61873
63227
7102
23412
32978
7853
45273
27127
40550
55768
3263
52472
5252
30688
36995
22538
15988
25876
62392
10079
53893
59886
27921
56077
38682
3789
28173
2321
32203
21469
51573
6203
859
15048
48968
41473
323
10123
60964
28988
48133
21804
27645
14428
33955
7392
29416
61204
51666
38938
58444
13729
47761
23242
64066
12197
22265
10393
32075
37252
59419
51374
47465
28207
46258
34214
51713
2083
30874
11569
3346
7061
45175
6748
7612
59758
27767
47477
26751
40770
50195
8832
41711
30652
38002
41523
24985
17902
17081
63217
64219
48120
22101
29262
31226
6066
58567
17846
52144
28137
43852
54470
35387
19226
64227
44987
64510
3948
9012
44581
25057
20265
8337
50291
39806
41391
64418
32728
17354
62083
32124
23007
41642
27588
50299
14846
25576
554
33805
52686
50080
8728
40787
53930
28846
54920
41737
54077
32835
24232
57842
13219
32644
43436
36684
3380
39588
49659
51125
21009
26909
15869
41446
56975
48659
17722
59562
36278
49036
20669
17956
33917
61555
15872
24729
51094
3434
36909
39504
51123
62630
21659
60254
64040
64116
20771
13620
20127
18483
13809
48964
32642
18279
3168
31140
57613
53111
6717
39238
39950
20500
49157
159
48140
38146
21065
16992
22210
59353
44515
27088
27413
14837
60660
53342
8672
61965
37780
20852
31148
54913
12040
2006
22972
3332
26004
16889
46856
4823
1997
36899
10521
953
51903
14035
45953
12852
58572
7595
62721
32583
4601
44377
38333
41674
18347
20927
3137
40629
8162
20412
25583
26299
18732
53958
63714
45263
57040
64840
25497
21357
50336
2735
31821
18685
3968
21148
16545
46551
16221
3245
61675
19806
62765
56193
17070
25510
49173
24282
34420
27033
15360
51079
63004
41545
45586
50998
36933
34592
42258
20890
21500
38472
41134
50971
59231
35043
30567
2603
41711
7807
4005
9006
13303
36256
29079
55979
211
6157
62709
45380
52408
26976
64546
59502
50057
2334
24966
43248
48141
56259
43148
29742
42331
6629
46536
56970
26154
17961
40394
29389
65460
5208
22508
41973
15523
18915
28321
58129
11585
56475
16779
34165
59068
50157
64241
54119
35503
29978
58052
48212
18389
4339
26905
41470
29576
10952
51492
64563
55184
24963
63728
16570
1785
63241
12530
13110
53650
11205
28149
11729
30331
32291
10156
61553
56586
29972
4795
24857
7852
21086
11972
26435
61010
50003
58287
42316
45255
19738
24053
29074
20313
724
17339
46038
16785
57479
56508
34298
60849
37676
47472
61683
10419
15816
10956
21107
18276
64085
38822
54558
14790
3242
6029
36616
37360
29417
8399
59434
1672
15165
30971
42894
281
42856
43105
45446
34837
7410
43626
3719
25943
29118
29204
10359
49932
43540
39960
26266
46118
25494
37602
65106
47339
12725
50315
13120
28282
12570
58362
37894
16176
14698
38163
27811
17422
54574
11289
35696
8940
38767
11013
9677
50279
27483
65532
44122
21978
3350
55172
28557
26795
18655
32475
17436
49206
51337
49115
50630
50101
54174
64544
15922
47318
15946
18634
40976
12295
62195
56272
62283
4932
48129
14165
12750
58740
48022
25419
5030
10728
61304
29149
297
64172
9489
1129
8375
18543
24025
5281
49054
30984
11394
46355
41328
24839
28817
7410
47612
21313
50588
14807
39850
1310
20068
18096
18696
49633
24624
58910
58487
12471
12444
55260
59180
17059
38305
14598
34939
38285
17760
65115
62174
14876
50970
59899
58491
47497
31127
5168
45220
332
4702
27803
1471
27208
46567
38604
53985
64259
2193
44931
37128
48577
13238
56886
43226
10030
65364
56828
48682
5689
36919
43309
6549
35963
43521
14531
60815
26140
11504
25487
47745
47851
58873
44626
64556
15974
15941
42132
42256
40005
19013
46947
49595
2236
41444
49841
10669
49520
6133
8346
5177
11343
14385
33595
8634
24119
40465
54930
17143
49977
1291
56340
28021
12025
245
32176
15051
62446
52608
30199
7685
38471
39538
39802
27686
63704
16713
7732
59132
23155
54548
23396
6936
24160
53
40692
46611
36233
31324
34103
63636
1500
62663
34124
47862
21576
59606
3989
50038
2604
36537
13498
48214
29443
35924
54602
14104
47367
24872
18394
21155
49545
16315
22599
48253
29236
35223
42602
33824
59763
62759
10653
10856
25659
3600
59620
18740
7299
7772
33222
24531
52294
4622
39501
45864
49901
54456
53509
43943
38203
23293
43267
51889
31665
44331
37832
50097
61519
7795
57246
48900
11109
31204
33600
33825
51091
32119
36660
43335
16405
63672
20119
53278
47418
24943
44186
64407
49943
37492
25992
45884
41127
43157
33383
44561
19446
56470
313
21206
36973
45319
49623
24433
27097
33836
33945
21920
34529
23247
11479
59988
41730
42443
33187
9969
5351
35454
19416
25380
48206
23522
11592
58004
42245
3885
41511
3632
38098
31192
53226
50481
3850
36875
39921
41104
33787
65463
52373
46215
43691
52932
314
2495
53970
53082
11643
53777
8708
7522
4446
5915
39748
37209
16455
4566
56023
24456
35551
32174
4753
34098
45401
32376
60383
20495
52144
14826
1609
11612
49414
10944
14781
3445
58926
49227
7534
25934
41560
53301
34094
8359
65393
11519
16811
29865
52993
49555
60068
19209
35770
31746
28338
8193
8295
10008
37225
27088
1555
54871
2099
36098
51729
29191
3821
42513
36987
11342
49411
3307
58832
37843
20706
64021
33310
42996
4187
34195
7779
52437
46912
52687
18818
65062
11336
15996
10633
54657
25959
3478
12453
18402
33471
19618
11943
48247
47070
42862
33136
55507
46308
46345
60291
4840
14977
52361
16642
31529
10865
41797
25789
59432
28942
44495
14513
37954
27998
48750
13306
42094
16989
43917
19406
63671
41004
48188
4593
2576
56511
6565
10617
41415
35692
53072
3793
33729
30803
51923
16932
2368
61812
29393
1967
28069
29244
36586
34951
44117
4441
25323
19435
13875
55830
45341
60965
6412
33937
18133
4549
2884
45329
19624
48045
62759
60640
44658
19852
18121
51336
65420
56771
41149
14966
35499
47905
62970
25612
7183
65304
29152
44120
13583
28090
42243
33066
64327
53447
2569
3970
28781
1560
4225
60774
31717
12897
61730
11091
35172
50087
32079
8507
2546
809
30057
48180
58143
304
15988
11537
50507
18015
51855
55191
